CHO <- 535000
VERO <- 1350000
Total <- CHO + VERO
Total
